#
# Acene Structures computed at level MP2/6-31G(d)
# Taken from J. Chem. Phys. 148, 124118 (2018)
# Benzene optimized at same level with ORCA

Benzene
12
  Coordinates from ORCA-job input E -231.449106212366
  C     -1.215626   -0.689870   -0.000003
  C     -1.205272    0.707866    0.000032
  C     -0.010341   -1.397729    0.000008
  C      0.010395    1.397754    0.000006
  C      1.205314   -0.707833   -0.000013
  C      1.215674    0.689897    0.000018
  H     -2.161553   -1.226664    0.000021
  H     -2.143123    1.258646    0.000020
  H     -0.018440   -2.485321   -0.000024
  H      0.018425    2.485348    0.000038
  H      2.143164   -1.258615    0.000006
  H      2.161583    1.226723   -0.000008

Naphthalene
C 0.000000 0.716253 0.0000
C 0.000000 -0.716253 0.0000
C 1.241539 1.403577 0.0000
C -1.241539 -1.403577 0.0000
C -1.241539 1.403577 0.0000
C 1.241539 -1.403577 0.0000
C 2.432418 0.707325 0.0000
C -2.432418 -0.707325 0.0000
C -2.432418 0.707325 0.0000
C 2.432418 -0.707325 0.0000
H 1.240557 2.492735 0.0000
H -1.240557 -2.492735 0.0000
H -1.240557 2.492735 0.0000
H 1.240557 -2.492735 0.0000
H 3.377213 1.246082 0.0000
H -3.377213 -1.246082 0.0000
H -3.377213 1.246082 0.0000
H 3.377213 -1.246082 0.0000

Anthracene
H 4.5998943694 -1.2467709418 0.0000000000
C 3.6541067425 -0.7102850806 0.0000000000
H 2.4699303649 -2.4949318898 0.0000000000
C 2.4704934642 -1.4060111380 0.0000000000
C 2.4704934642 1.4060111380 0.0000000000
C 1.2216150006 -0.7206937391 0.0000000000
C 3.6541067425 0.7102850806 0.0000000000
C 1.2216150006 0.7206937391 0.0000000000
C 0.0000000000 -1.4039884985 0.0000000000
H 4.5998943694 1.2467709418 0.0000000000
H 0.0000000000 2.4947218377 0.0000000000
H 2.4699303649 2.4949318898 0.0000000000
C -1.2216150006 -0.7206937391 0.0000000000
H 0.0000000000 -2.4947218377 0.0000000000
C -2.4704934642 -1.4060111380 0.0000000000
C -1.2216150006 0.7206937391 0.0000000000
H -2.4699303649 2.4949318898 0.0000000000
C 0.0000000000 1.4039884985 0.0000000000
C -3.6541067425 -0.7102850806 0.0000000000
H -2.4699303649 -2.4949318898 0.0000000000
H -4.5998943694 -1.2467709418 0.0000000000
C -3.6541067425 0.7102850806 0.0000000000
H -4.5998943694 1.2467709418 0.0000000000
C -2.4704934642 1.4060111380 0.0000000000

Tetracene
C 2.4461591000 0.7226526532 0.0000000000
H 1.2317728915 2.4979063953 0.0000000000
C 1.2304053339 1.4070676121 0.0000000000
C 1.2304053339 -1.4070676121 0.0000000000
C 0.0000000000 0.7255628388 0.0000000000
C 2.4461591000 -0.7226526532 0.0000000000
C 0.0000000000 -0.7255628388 0.0000000000
C -1.2304053339 1.4070676121 0.0000000000
H -1.2317728915 -2.4979063953 0.0000000000
H 1.2317728915 -2.4979063953 0.0000000000
C -2.4461591000 0.7226526532 0.0000000000
H -1.2317728915 2.4979063953 0.0000000000
C -3.6981132196 1.4074536413 0.0000000000
C -2.4461591000 -0.7226526532 0.0000000000
H -3.6979106806 -2.4964146647 0.0000000000
C -1.2304053339 -1.4070676121 0.0000000000
C -4.8797948614 0.7117995554 0.0000000000
H -3.6979106806 2.4964146647 0.0000000000
H -5.8259496728 1.2476368801 0.0000000000
C -4.8797948614 -0.7117995554 0.0000000000
H -5.8259496728 -1.2476368801 0.0000000000
C -3.6981132196 -1.4074536413 0.0000000000
H 3.6979106806 2.4964146647 0.0000000000
C 3.6981132196 1.4074536413 0.0000000000
H 5.8259496728 1.2476368801 0.0000000000
C 4.8797948614 0.7117995554 0.0000000000
H 5.8259496728 -1.2476368801 0.0000000000
C 4.8797948614 -0.7117995554 0.0000000000
H 3.6979106806 -2.4964146647 0.0000000000
C 3.6981132196 -1.4074536413 0.0000000000

Pentacene
C 0.0000000000 -2.6649981476 0.0000000000
C 0.0000000000 2.6649981476 0.0000000000
C -2.3144659338 -1.3749822614 0.0000000000
C 2.3144659338 -1.3749822614 0.0000000000
C -2.3144659338 1.3749822614 0.0000000000
C 2.3144659338 1.3749822614 0.0000000000
C 11.5389574028 1.3461700942 0.0000000000
C -11.5389574028 1.3461700942 0.0000000000
C 11.5389574028 -1.3461700942 0.0000000000
C -11.5389574028 -1.3461700942 0.0000000000
C 4.6446551206 -2.6606610293 0.0000000000
C -4.6446551206 -2.6606610293 0.0000000000
C 4.6446551206 2.6606610293 0.0000000000
C -4.6446551206 2.6606610293 0.0000000000
C 6.9394451854 -1.3666006379 0.0000000000
C -6.9394451854 -1.3666006379 0.0000000000
C 6.9394451854 1.3666006379 0.0000000000
C -6.9394451854 1.3666006379 0.0000000000
C 9.3069028811 -2.6605480429 0.0000000000
C -9.3069028811 -2.6605480429 0.0000000000
C 9.3069028811 2.6605480429 0.0000000000
C -9.3069028811 2.6605480429 0.0000000000
H 0.0000000000 -4.7266331267 0.0000000000
H 0.0000000000 4.7266331267 0.0000000000
H 13.3270795381 2.3585253416 0.0000000000
H -13.3270795381 2.3585253416 0.0000000000
H 13.3270795381 -2.3585253416 0.0000000000
H -13.3270795381 -2.3585253416 0.0000000000
H 4.6487311347 -4.7222011537 0.0000000000
H -4.6487311347 -4.7222011537 0.0000000000
H 4.6487311347 4.7222011537 0.0000000000
H -4.6487311347 4.7222011537 0.0000000000
H 9.3066638570 -4.7184522729 0.0000000000
H -9.3066638570 -4.7184522729 0.0000000000
H 9.3066638570 4.7184522729 0.0000000000
H -9.3066638570 4.7184522729 0.0000000000

Hexacene
C 6.1512357531 -1.4079688662 0.0000000000
C 4.8987963064 -0.7229261806 0.0000000000
C 3.6840618844 -1.4082526092 0.0000000000
C 3.6840618844 1.4082526092 0.0000000000
C 2.4512343569 -0.7280093308 0.0000000000
C 4.8987963064 0.7229261806 0.0000000000
C 2.4512343569 0.7280093308 0.0000000000
C 1.2271085531 -1.4115371258 0.0000000000
C 6.1512357531 1.4079688662 0.0000000000
C 0.0000000000 -0.7301550975 0.0000000000
C -1.2271085531 -1.4115371258 0.0000000000
C 0.0000000000 0.7301550975 0.0000000000
C 1.2271085531 1.4115371258 0.0000000000
C -2.4512343569 -0.7280093308 0.0000000000
C -3.6840618844 -1.4082526092 0.0000000000
C -2.4512343569 0.7280093308 0.0000000000
C -3.6840618844 1.4082526092 0.0000000000
C -1.2271085531 1.4115371258 0.0000000000
C 7.3325338418 -0.7123726996 0.0000000000
C 7.3325338418 0.7123726996 0.0000000000
C -4.8987963064 -0.7229261806 0.0000000000
C -4.8987963064 0.7229261806 0.0000000000
C -6.1512357531 1.4079688662 0.0000000000
C -6.1512357531 -1.4079688662 0.0000000000
C -7.3325338418 -0.7123726996 0.0000000000
C -7.3325338418 0.7123726996 0.0000000000
H 3.6866589054 -2.4991824268 0.0000000000
H 1.2282368222 2.5025647303 0.0000000000
H 3.6866589054 2.4991824268 0.0000000000
H 1.2282368222 -2.5025647303 0.0000000000
H -1.2282368222 2.5025647303 0.0000000000
H -1.2282368222 -2.5025647303 0.0000000000
H 6.1510804064 -2.4969660754 0.0000000000
H 6.1510804064 2.4969660754 0.0000000000
H 8.2787256398 -1.2481613715 0.0000000000
H 8.2787256398 1.2481613715 0.0000000000
H -3.6866589054 -2.4991824268 0.0000000000
H -3.6866589054 2.4991824268 0.0000000000
H -6.1510804064 -2.4969660754 0.0000000000
H -6.1510804064 2.4969660754 0.0000000000
H -8.2787256398 -1.2481613715 0.0000000000
H -8.2787256398 1.2481613715 0.0000000000