Coordenadas de fullereneos de 32 átomos obtenidos en SIESTA

32
  D3  Etot = -5171.019829 eV
   -2.84493152    0.00037407   -0.00040225   1       1  C
   -2.38459589   -1.30672801   -0.43624703   1       2  C
   -1.71841962    0.34620977   -2.00404284   1       3  C
   -2.38452605    1.03090846   -0.91407761   1       4  C
    0.31606275   -2.32144334   -0.72311562   1       5  C
   -0.31587498   -1.59934766   -1.83144152   1       6  C
   -1.66780671   -1.12344418   -1.66383455   1       7  C
   -1.66813212    2.00264738   -0.14169845   1       8  C
   -0.42898675    0.74070209   -2.37718088   1       9  C
    0.31626665    1.78787897   -1.64962096   1      10  C
   -0.31604229    2.38662396   -0.46988154   1      11  C
    0.42916472   -0.48144722   -2.44202896   1      12  C
   -1.71870743    1.56276094    1.30164734   1      13  C
   -2.38521777    0.27633111    1.34949975   1      14  C
   -1.66825920   -0.87852838    1.80499366   1      15  C
   -0.42918681    1.68833755    1.82964241   1      16  C
    0.31573855    0.53492772    2.37276664   1      17  C
   -0.31600503   -0.78609892    2.30123350   1      18  C
    0.42873280    2.35617702    0.80396845   1      19  C
   -0.42861343   -2.42787747    0.54716548   1      20  C
   -1.71838325   -1.90870011    0.70201413   1      21  C
    1.71795552   -1.69160208    1.12730919   1      22  C
    0.42855269   -1.87365272    1.63805750   1      23  C
    2.38406206   -0.41788337    1.31145159   1      24  C
    1.66777303    0.68049920    1.88810266   1      25  C
    2.84289013    0.00065104    0.00016621   1      26  C
    2.38400641    1.34525530   -0.29297106   1      27  C
    1.71789651    1.82238523    0.90197108   1      28  C
    1.66837791    1.29555037   -1.53280131   1      29  C
    1.66828231   -1.97420986   -0.35504023   1      30  C
    2.38426643   -0.92550602   -1.01781511   1      31  C
    1.71827543   -0.12936662   -2.02853505   1      32  C


32
  C2 Etot  = -5168.853318
    2.72316756    1.19347710   -0.16788272   1       1  C
    1.63173530    1.86247611   -0.87401611   1       2  C
    2.41027599    1.09400866    1.24489119   1       3  C
   -0.69012575    2.32664484   -0.14313352   1       4  C
    0.69005050    2.32672138    0.14117194   1       5  C
    1.14115519    1.72025856    1.43651844   1       6  C
   -1.14128141    1.71907684   -1.43801959   1       7  C
    2.25037181   -0.34444459    1.54921252   1       8  C
    2.64227623   -1.06883530    0.35494233   1       9  C
    1.74312164   -2.02614805   -0.21006139   1      10  C
    0.92194616   -0.53944457    2.10077131   1      11  C
    0.12883423   -1.66926222    1.68430999   1      12  C
    0.56791505   -2.39496060    0.47656360   1      13  C
   -1.31208856   -1.51540767    1.56190008   1      14  C
   -1.16095334    0.93891787    1.91304852   1      15  C
    0.24353638    0.81192333    2.12769982   1      16  C
   -1.98198958   -0.28767428    1.78583001   1      17  C
   -1.63198698    1.86308292    0.87254948   1      18  C
   -0.12896957   -1.67062620   -1.68270192   1      19  C
    1.31195090   -1.51641291   -1.56025095   1      20  C
   -0.92210732   -0.54120811   -2.10027083   1      21  C
   -0.56785056   -2.39536932   -0.47438086   1      22  C
    2.97344435   -0.09176362   -0.71638759   1      23  C
    1.98166357   -0.28894268   -1.78538813   1      24  C
   -0.24364720    0.81019197   -2.12833684   1      25  C
    1.16079360    0.93749415   -1.91363211   1      26  C
   -1.74327573   -2.02638765    0.21200326   1      27  C
   -2.64263557   -1.06934172   -0.35404611   1      28  C
   -2.25048586   -0.34579277   -1.54899514   1      29  C
   -2.97365185   -0.09139314    0.71657890   1      30  C
   -2.72348251    1.19337629    0.16687984   1      31  C
   -2.41041236    1.09273619   -1.24576009   1      32  C

32
 C2-4 Etot = -5169.999903
   -0.53521724   -2.23861928   -1.27967145   1       1  C
   -1.85073840   -1.76838065   -1.08069322   1       2  C
   -0.04586479   -2.63461230    0.04642056   1       3  C
    1.25321576   -2.31104891    0.45019346   1       4  C
    2.12221161   -1.61226535   -0.45151921   1       5  C
   -2.14793365   -1.69359773    0.38260677   1       6  C
   -2.62630367   -0.38331205    0.65097148   1       7  C
   -1.99465223    0.44052079    1.64651232   1       8  C
   -1.00011707   -2.16014612    1.07902137   1       9  C
   -0.25576855   -1.30210853    2.02004050   1      10  C
   -0.71879893    0.04920235    2.25089905   1      11  C
   -1.85001615    1.76814011    1.08224121   1      12  C
   -0.53438465    2.23885031    1.28017960   1      13  C
   -0.04634095    2.63520537   -0.04632653   1      14  C
    0.21707665    1.19266520    2.02797335   1      15  C
   -2.14879402    1.69360382   -0.38095836   1      16  C
   -2.62718280    0.38299111   -0.64889949   1      17  C
   -1.99645665   -0.44090145   -1.64533447   1      18  C
   -1.00156170    2.16052472   -1.07834230   1      19  C
   -0.25785701    1.30219774   -2.01995512   1      20  C
   -0.72072074   -0.04925702   -2.25026461   1      21  C
    2.05996795    0.43272755   -1.63469523   1      22  C
    1.58127764   -0.95553450   -1.68307320   1      23  C
    0.21532572   -1.19237472   -2.02784051   1      24  C
    1.15102740    1.50517338   -1.73103530   1      25  C
    2.79053316    0.60893159   -0.34712966   1      26  C
    2.12238222    1.61250299    0.44980173   1      27  C
    1.25250788    2.31150206   -0.45126206   1      28  C
    1.15298821   -1.50512933    1.73021734   1      29  C
    2.06179775   -0.43261688    1.63322067   1      30  C
    1.58291780    0.95577612    1.68211234   1      31  C
    2.79123267   -0.60878028    0.34488021   1      32  C

32
 D2  Etot = -5168.344931
   -1.28137088   -2.08881578    0.59761348   1       1  C
    1.28074883   -2.08848168   -0.59505943   1       2  C
    0.12719947   -1.78353932   -1.41917062   1       3  C
   -1.17699012   -1.94755019   -0.88137145   1       4  C
   -2.39706414   -1.29182660    1.02434432   1       5  C
   -3.08056773   -0.72243608   -0.09467405   1       6  C
   -2.23636436   -1.02517717   -1.27830280   1       7  C
   -1.87034552   -0.22049616    1.89608824   1       8  C
   -0.48167753   -0.52308389    2.18289095   1       9  C
    0.48157095    0.52371214    2.18177718   1      10  C
   -2.23600592    1.02545196    1.27890061   1      11  C
   -1.17682415    1.94772310    0.88169297   1      12  C
    0.12741840    1.78375471    1.41917242   1      13  C
   -3.08065047    0.72263570    0.09544590   1      14  C
    1.87038503    0.22129358    1.89534000   1      15  C
    2.39650982    1.29205426    1.02226491   1      16  C
    1.28090666    2.08866777    0.59490807   1      17  C
    2.23653145   -1.02515347    1.27979016   1      18  C
    1.17686358   -1.94788637    0.88382575   1      19  C
   -0.12749642   -1.78404047    1.42185306   1      20  C
    3.08090275   -0.72245531    0.09558205   1      21  C
    3.08082239    0.72281092   -0.09605498   1      22  C
    2.39632711   -1.29190330   -1.02267487   1      23  C
    1.86993237   -0.22094856   -1.89560631   1      24  C
   -0.12780953    1.78440605   -1.42168760   1      25  C
    1.17668691    1.94812689   -0.88395156   1      26  C
    2.23628324    1.02545478   -1.28002927   1      27  C
   -1.28147811    2.08899338   -0.59708919   1      28  C
   -2.39718495    1.29212530   -1.02373879   1      29  C
    0.48111366   -0.52345304   -2.18175185   1      30  C
   -0.48208982    0.52336324   -2.18267035   1      31  C
   -1.87068015    0.22076213   -1.89554487   1      32  C

32 
  D3d Etot = -5168.323436
   -1.85813109   -0.56076200    1.83784409   1       1  C
    0.59611072    0.94859120    2.00916504   1       2  C
   -0.59557947    1.57813876    1.56457329   1       3  C
   -1.85828927    0.88638285    1.70453230   1       4  C
    1.85894611    1.31188459    1.40427261   1       5  C
   -2.69037048   -1.06413424    0.75220093   1       6  C
   -3.33690651   -0.00008105    0.00028900   1       7  C
   -2.69096787    1.18353141    0.54564940   1       8  C
   -1.85873778   -1.92039152   -0.08425122   1       9  C
   -0.59548191   -2.14488590    0.58469851   1      10  C
    0.59569725   -2.21529101   -0.18340166   1      11  C
   -1.85927775   -1.31179671   -1.40420796   1      12  C
   -0.59636245   -0.94845453   -2.00909263   1      13  C
    0.59524166   -1.57797082   -1.56416965   1      14  C
   -2.69170130   -0.11922403   -1.29666660   1      15  C
    1.85913025   -1.87278304    0.43336669   1      16  C
    2.69059448   -1.18307888   -0.54536433   1      17  C
    1.85822572   -0.88636639   -1.70441388   1      18  C
    1.85908047   -1.03309115    1.61970986   1      19  C
    0.59627448   -0.56599335    2.14854268   1      20  C
   -0.59522753   -1.26633946    1.82628551   1      21  C
    2.69095740    0.11953954    1.29652721   1      22  C
    3.33667592    0.00040273   -0.00014744   1      23  C
    2.69026151    1.06456625   -0.75203974   1      24  C
   -0.59657302    0.56636020   -2.14856780   1      25  C
    0.59490041    1.26685962   -1.82614570   1      26  C
    1.85812994    0.56137817   -1.83788767   1      27  C
   -1.85955445    1.03361793   -1.61978619   1      28  C
    0.59523736    2.14532020   -0.58456325   1      29  C
   -0.59600689    2.21573084    0.18358545   1      30  C
   -1.85949775    1.87316317   -0.43314851   1      31  C
    1.85860963    1.92087097    0.08445300   1      32  C

32
 D3h Etot =  -5167.768947
    1.62812832    1.73310987   -1.18428437   1       1  C
    0.55376889    2.54788554   -0.77395018   1       2  C
   -0.76189518    2.25243006   -1.18381508   1       3  C
    1.39003730    0.44486579   -1.84766743   1       4  C
   -0.30973614   -1.42615655   -1.84767338   1       5  C
   -0.00002501    0.00011465   -2.12789437   1       6  C
   -1.08017266    0.98163935   -1.84730488   1       7  C
    0.68735830   -2.27637040   -1.18452289   1       8  C
   -2.57331992    1.40838135    0.00083792   1       9  C
   -1.64719219    2.42726244    0.00064756   1      10  C
   -2.48280847   -0.79438197   -0.77331266   1      11  C
   -2.31481864    0.54357306   -1.18363832   1      12  C
   -1.56924592   -1.78603922   -1.18386056   1      13  C
   -0.76137107    2.25237383    1.18469565   1      14  C
    0.55408212    2.54777888    0.77427424   1      15  C
    1.62866211    1.73309445    1.18413759   1      16  C
   -2.31421346    0.54351791    1.18512018   1      17  C
   -1.07940493    0.98157923    1.84819668   1      18  C
    2.50661428    1.52471717   -0.00030874   1      19  C
    2.92642572    0.21335701   -0.00041502   1      20  C
    0.00080458    0.00003657    2.12840534   1      21  C
    1.39077845    0.44476942    1.84743459   1      22  C
    2.33241383   -0.46604001    1.18401529   1      23  C
    1.93022961   -1.75323733   -0.77449184   1      24  C
    2.33203568   -0.46602519   -1.18472601   1      25  C
    0.68786436   -2.27643493    1.18460062   1      26  C
    1.93050404   -1.75323534    0.77388557   1      27  C
   -2.48245800   -0.79443273    0.77494027   1      28  C
   -1.56879976   -1.78618816    1.18513048   1      29  C
   -0.30897764   -1.42627979    1.84828337   1      30  C
   -1.27745091   -2.64008985    0.00048267   1      31  C
    0.06797289   -2.93241745    0.00016096   1      32  C

--------------------------------------------------

