 #
 # INITIAL STRUCTURES FROM PUBCHEM
 #

 1,3-Butadiene
10
C   -0.6022    0.3972    0.0000
C    0.6024   -0.3975    0.0000
C   -1.8315   -0.1305    0.0000
C    1.8314    0.1308    0.0000
H   -0.4975    1.4789    0.0001
H    0.4979   -1.4792    0.0001
H   -2.7035    0.5151    0.0000
H   -1.9975   -1.2027    0.0000
H    2.7036   -0.5143    0.0000
H    1.9969    1.2030    0.0000

 1,3,5-Hexatriene
 14

 C  -0.5968    0.3062    0.0001
 C   0.5968   -0.3063    0.0000
 C  -1.8503   -0.4127    0.0000
 C   1.8502    0.4127   -0.0001
 C  -3.0441    0.1908    0.0000
 C   3.0442   -0.1908    0.0000
 H  -0.6504    1.3927    0.0000
 H   0.6505   -1.3928    0.0000
 H  -1.8139   -1.4988   -0.0001
 H   1.8138    1.4988   -0.0002
 H  -3.9547   -0.3990   -0.0002
 H  -3.1431    1.2712    0.0001
 H   3.9547    0.3991   -0.0001
 H   3.1431   -1.2712    0.0002

1,3,5,7-Octatetraene
18

C   -0.6348    0.3469    0.0009
C    0.6347   -0.3475    0.0007
C   -1.8160   -0.2890    0.0009
C    1.8160    0.2888    0.0007
C   -3.0833    0.4053   -0.0008
C    3.0834   -0.4051   -0.0008
C   -4.2653   -0.2212   -0.0008
C    4.2652    0.2219   -0.0008
H   -0.6032    1.4343    0.0003
H    0.6034   -1.4348    0.0001
H   -1.8484   -1.3764    0.0013
H    1.8481    1.3762    0.0013
H   -3.0680    1.4919   -0.0021
H    3.0685   -1.4917   -0.0019
H   -5.1871    0.3509   -0.0021
H   -4.3432   -1.3034    0.0004
H    5.1873   -0.3498   -0.0020
H    4.3427    1.3041    0.0003

1,3,5,7,9-Decapentaene
22

C     0.5703   -0.3649    0.0010
C    -0.5984    0.2952    0.0010
C     1.8509    0.3109    0.0003
C    -1.8821   -0.3728    0.0002
C     3.0712   -0.2494    0.0001
C    -3.0497    0.2881    0.0003
C     4.3500    0.4256   -0.0007
C    -4.3315   -0.3793   -0.0007
C     5.5192   -0.2256   -0.0007
C    -5.5000    0.2721   -0.0007
H     0.5898   -1.4520    0.0007
H    -0.6090    1.3830    0.0011
H     1.7998    1.3998   -0.0002
H    -1.8731   -1.4606   -0.0006
H     3.1231   -1.3383    0.0006
H    -3.0592    1.3758    0.0011
H     4.3470    1.5118   -0.0012
H    -4.3391   -1.4659   -0.0016
H     6.4521    0.3283   -0.0013
H     5.5765   -1.3090   -0.0001
H    -6.4336   -0.2804   -0.0015
H    -5.5550    1.3557    0.0002

1,3,5,7,9,11-Dodecahexaene
26

C    0.6648    0.3411    0.0294
C   -0.6409   -0.2837    0.0318
C    1.8349   -0.3161    0.0327
C   -1.8118    0.3736    0.0286
C    3.1156    0.3564   -0.0015
C   -3.0897   -0.3066    0.0028
C    4.2860   -0.2996    0.0017
C   -4.3119    0.2497   -0.0026
C    5.5648    0.3723   -0.0330
C   -5.5879   -0.4295   -0.0283
C    6.7357   -0.2749   -0.0300
C   -6.7596    0.2172   -0.0317
H    0.6669    1.4299    0.0121
H   -0.6416   -1.3725    0.0258
H    1.8440   -1.4035    0.0485
H   -1.8308    1.4604    0.0333
H    3.1028    1.4438   -0.0303
H   -3.0352   -1.3952   -0.0132
H    4.2998   -1.3869    0.0310
H   -4.3676    1.3382    0.0139
H    5.5682    1.4586   -0.0629
H   -5.5810   -1.5155   -0.0454
H    7.6672    0.2806   -0.0571
H    6.7948   -1.3579   -0.0009
H   -7.6903   -0.3400   -0.0515
H   -6.8211    1.3003   -0.0153